0.0017000000000000001
0.0029000000000000002
0.023100000000000002
0.0017000000000000001
0.0029000000000000002
0.023100000000000002
0.0017000000000000001
0.0029000000000000002
0.023100000000000002
0.0017000000000000001
0.0029000000000000002
0.023100000000000002
0.0017000000000000001
0.0029000000000000002
0.023100000000000002
0.0022
0.0029000000000000002
0.023100000000000002
0.0022
0.0029000000000000002
0.023100000000000002
0.0022
0.0022
0.023100000000000002
0.002
0.0026666666666666666
0.02333333333333333
0.002
0.0026666666666666666
0.02333333333333333
0.002
0.0026666666666666666
0.02333333333333333
0.002
0.0026666666666666666
0.02333333333333333
0.0028
0.0017000000000000001
0.0023
0.0024000000000000002
0.0016
0.0025
0.0028
0.0019
0.0025
0.0015
0.0027
0.0017000000000000001
0.0022
0.0024000000000000002
0.0015
0.0025
0.0028
0.0019
0.0025
0.0015
0.0028
0.0017000000000000001
0.0023
0.0024000000000000002
0.0016
0.0025
0.0028
0.0019
0.0025
0.0015
0.01567654734141307
0.01567654734141307
0.01567654734141307
0.015849334937360505
0.01613207827618359
0.015849334937360505
0.01350884841043611
0.015927874753700253
0.01350884841043611
0.01613207827618359
0.016084954386379743
0.016210618092523336
0.015896458827164353
0.01595929068023615
0.01627344994559513
0.016084954386379743
0.016022122533307946
0.015896458827164353
0.016084954386379743
0.01614778623945154
0.01614778623945154
0.016022122533307946
0.016084954386379743
0.016399113651738722
0.01595929068023615
0.016650441064025905
0.01627344994559513
0.01627344994559513
0.016084954386379743
0.015896458827164353
0.016399113651738722
0.016336281798666925
0.016210618092523336
0.016399113651738722
0.016399113651738722
0.016084954386379743
0.016399113651738722
0.016084954386379743
0.01614778623945154
0.016022122533307946
0.016084954386379743
0.015707963267948967
0.016336281798666925
0.016084954386379743
0.016210618092523336
0.016210618092523336
0.016210618092523336
0.015833626974092557
0.015896458827164353
0.01614778623945154
0.01627344994559513
0.015896458827164353
0.01627344994559513
0.016210618092523336
0.016084954386379743
0.016210618092523336
0.016022122533307946
0.015896458827164353
0.016210618092523336
0.016336281798666925
0.01627344994559513
0.015896458827164353
0.01627344994559513
0.016210618092523336
0.016084954386379743
0.016210618092523336
0.016022122533307946
0.015896458827164353
0.016210618092523336
0.016336281798666925
0.01618548535129461
0.016248317204366407
0.01619805172190897
0.016311149057438204
0.0160975207569941
0.016147786239451536
0.016072388015765382
0.01623575083375205
0.01605982164515102
0.01623575083375205
0.01627344994559513
0.015896458827164353
0.01627344994559513
0.016210618092523336
0.016084954386379743
0.016210618092523336
0.016022122533307946
0.015896458827164353
0.016210618092523336
0.016336281798666925
